(kicad_pcb (version 20171130) (host pcbnew 5.1.6+dfsg1-1)

  (general
    (thickness 1.6)
    (drawings 6)
    (tracks 234)
    (zones 0)
    (modules 24)
    (nets 35)
  )

  (page A4)
  (layers
    (0 F.Cu signal)
    (31 B.Cu signal)
    (32 B.Adhes user)
    (33 F.Adhes user)
    (34 B.Paste user)
    (35 F.Paste user)
    (36 B.SilkS user)
    (37 F.SilkS user)
    (38 B.Mask user)
    (39 F.Mask user)
    (40 Dwgs.User user)
    (41 Cmts.User user)
    (42 Eco1.User user)
    (43 Eco2.User user)
    (44 Edge.Cuts user)
    (45 Margin user)
    (46 B.CrtYd user)
    (47 F.CrtYd user)
    (48 B.Fab user)
    (49 F.Fab user)
  )

  (setup
    (last_trace_width 0.25)
    (trace_clearance 0.2)
    (zone_clearance 0.508)
    (zone_45_only no)
    (trace_min 0.2)
    (via_size 0.8)
    (via_drill 0.4)
    (via_min_size 0.4)
    (via_min_drill 0.3)
    (user_via 1 0.4)
    (uvia_size 0.3)
    (uvia_drill 0.1)
    (uvias_allowed no)
    (uvia_min_size 0.2)
    (uvia_min_drill 0.1)
    (edge_width 0.05)
    (segment_width 0.2)
    (pcb_text_width 0.3)
    (pcb_text_size 1.5 1.5)
    (mod_edge_width 0.12)
    (mod_text_size 1 1)
    (mod_text_width 0.15)
    (pad_size 1.524 1.524)
    (pad_drill 0.762)
    (pad_to_mask_clearance 0)
    (aux_axis_origin 0 0)
    (visible_elements FFF9FF1F)
    (pcbplotparams
      (layerselection 0x00000_7fffffff)
      (usegerberextensions false)
      (usegerberattributes true)
      (usegerberadvancedattributes true)
      (creategerberjobfile true)
      (excludeedgelayer true)
      (linewidth 0.100000)
      (plotframeref false)
      (viasonmask false)
      (mode 1)
      (useauxorigin false)
      (hpglpennumber 1)
      (hpglpenspeed 20)
      (hpglpendiameter 15.000000)
      (psnegative false)
      (psa4output false)
      (plotreference true)
      (plotvalue true)
      (plotinvisibletext false)
      (padsonsilk false)
      (subtractmaskfromsilk false)
      (outputformat 4)
      (mirror false)
      (drillshape 0)
      (scaleselection 1)
      (outputdirectory "./"))
  )

  (net 0 "")
  (net 1 GND)
  (net 2 "Net-(C1-Pad1)")
  (net 3 "Net-(C2-Pad1)")
  (net 4 "Net-(C2-Pad2)")
  (net 5 "Net-(C3-Pad2)")
  (net 6 "Net-(C3-Pad1)")
  (net 7 "Net-(C4-Pad1)")
  (net 8 VDD)
  (net 9 VIN)
  (net 10 "Net-(Q1-Pad2)")
  (net 11 "Net-(Q1-Pad1)")
  (net 12 GPIO)
  (net 13 "Net-(R1-Pad1)")
  (net 14 SCLK)
  (net 15 SDIN)
  (net 16 "Net-(U1-Pad7)")
  (net 17 CS)
  (net 18 RES)
  (net 19 DC)
  (net 20 "Net-(U1-Pad20)")
  (net 21 "Net-(C7-Pad1)")
  (net 22 "Net-(C7-Pad2)")
  (net 23 "Net-(C8-Pad2)")
  (net 24 "Net-(C8-Pad1)")
  (net 25 3.3V)
  (net 26 "Net-(C10-Pad2)")
  (net 27 "Net-(C11-Pad1)")
  (net 28 "Net-(C12-Pad1)")
  (net 29 "Net-(J2-Pad1)")
  (net 30 RST)
  (net 31 "Net-(R6-Pad1)")
  (net 32 "Net-(U2-Pad1)")
  (net 33 "Net-(U2-Pad20)")
  (net 34 "Net-(C10-Pad1)")

  (net_class Default "This is the default net class."
    (clearance 0.2)
    (trace_width 0.25)
    (via_dia 0.8)
    (via_drill 0.4)
    (uvia_dia 0.3)
    (uvia_drill 0.1)
    (add_net 3.3V)
    (add_net CS)
    (add_net DC)
    (add_net GND)
    (add_net GPIO)
    (add_net "Net-(C1-Pad1)")
    (add_net "Net-(C10-Pad1)")
    (add_net "Net-(C10-Pad2)")
    (add_net "Net-(C11-Pad1)")
    (add_net "Net-(C12-Pad1)")
    (add_net "Net-(C2-Pad1)")
    (add_net "Net-(C2-Pad2)")
    (add_net "Net-(C3-Pad1)")
    (add_net "Net-(C3-Pad2)")
    (add_net "Net-(C4-Pad1)")
    (add_net "Net-(C7-Pad1)")
    (add_net "Net-(C7-Pad2)")
    (add_net "Net-(C8-Pad1)")
    (add_net "Net-(C8-Pad2)")
    (add_net "Net-(J2-Pad1)")
    (add_net "Net-(Q1-Pad1)")
    (add_net "Net-(Q1-Pad2)")
    (add_net "Net-(R1-Pad1)")
    (add_net "Net-(R6-Pad1)")
    (add_net "Net-(U1-Pad20)")
    (add_net "Net-(U1-Pad7)")
    (add_net "Net-(U2-Pad1)")
    (add_net "Net-(U2-Pad20)")
    (add_net RES)
    (add_net RST)
    (add_net SCLK)
    (add_net SDIN)
    (add_net VDD)
    (add_net VIN)
  )

  (module Capacitor_SMD:C_0603_1608Metric (layer F.Cu) (tedit 5F68FEEE) (tstamp 5FA49F45)
    (at 154 99.725 270)
    (descr "Capacitor SMD 0603 (1608 Metric), square (rectangular) end terminal, IPC_7351 nominal, (Body size source: IPC-SM-782 page 76, https://www.pcb-3d.com/wordpress/wp-content/uploads/ipc-sm-782a_amendment_1_and_2.pdf), generated with kicad-footprint-generator")
    (tags capacitor)
    (path /5FA5956F)
    (attr smd)
    (fp_text reference C1 (at 0 -1.43 90) (layer F.SilkS)
      (effects (font (size 1 1) (thickness 0.15)))
    )
    (fp_text value C_Small (at 0 1.43 90) (layer F.Fab)
      (effects (font (size 1 1) (thickness 0.15)))
    )
    (fp_line (start -0.8 0.4) (end -0.8 -0.4) (layer F.Fab) (width 0.1))
    (fp_line (start -0.8 -0.4) (end 0.8 -0.4) (layer F.Fab) (width 0.1))
    (fp_line (start 0.8 -0.4) (end 0.8 0.4) (layer F.Fab) (width 0.1))
    (fp_line (start 0.8 0.4) (end -0.8 0.4) (layer F.Fab) (width 0.1))
    (fp_line (start -0.14058 -0.51) (end 0.14058 -0.51) (layer F.SilkS) (width 0.12))
    (fp_line (start -0.14058 0.51) (end 0.14058 0.51) (layer F.SilkS) (width 0.12))
    (fp_line (start -1.48 0.73) (end -1.48 -0.73) (layer F.CrtYd) (width 0.05))
    (fp_line (start -1.48 -0.73) (end 1.48 -0.73) (layer F.CrtYd) (width 0.05))
    (fp_line (start 1.48 -0.73) (end 1.48 0.73) (layer F.CrtYd) (width 0.05))
    (fp_line (start 1.48 0.73) (end -1.48 0.73) (layer F.CrtYd) (width 0.05))
    (fp_text user %R (at 0 0 90) (layer F.Fab)
      (effects (font (size 0.4 0.4) (thickness 0.06)))
    )
    (pad 2 smd roundrect (at 0.775 0 270) (size 0.9 0.95) (layers F.Cu F.Paste F.Mask) (roundrect_rratio 0.25)
      (net 1 GND))
    (pad 1 smd roundrect (at -0.775 0 270) (size 0.9 0.95) (layers F.Cu F.Paste F.Mask) (roundrect_rratio 0.25)
      (net 2 "Net-(C1-Pad1)"))
    (model ${KISYS3DMOD}/Capacitor_SMD.3dshapes/C_0603_1608Metric.wrl
      (at (xyz 0 0 0))
      (scale (xyz 1 1 1))
      (rotate (xyz 0 0 0))
    )
  )

  (module Capacitor_SMD:C_0603_1608Metric (layer F.Cu) (tedit 5F68FEEE) (tstamp 5FA49F56)
    (at 134 99.725 270)
    (descr "Capacitor SMD 0603 (1608 Metric), square (rectangular) end terminal, IPC_7351 nominal, (Body size source: IPC-SM-782 page 76, https://www.pcb-3d.com/wordpress/wp-content/uploads/ipc-sm-782a_amendment_1_and_2.pdf), generated with kicad-footprint-generator")
    (tags capacitor)
    (path /5FA5DA02)
    (attr smd)
    (fp_text reference C2 (at 0 -1.43 90) (layer F.SilkS)
      (effects (font (size 1 1) (thickness 0.15)))
    )
    (fp_text value C_Small (at 0 1.43 90) (layer F.Fab)
      (effects (font (size 1 1) (thickness 0.15)))
    )
    (fp_line (start 1.48 0.73) (end -1.48 0.73) (layer F.CrtYd) (width 0.05))
    (fp_line (start 1.48 -0.73) (end 1.48 0.73) (layer F.CrtYd) (width 0.05))
    (fp_line (start -1.48 -0.73) (end 1.48 -0.73) (layer F.CrtYd) (width 0.05))
    (fp_line (start -1.48 0.73) (end -1.48 -0.73) (layer F.CrtYd) (width 0.05))
    (fp_line (start -0.14058 0.51) (end 0.14058 0.51) (layer F.SilkS) (width 0.12))
    (fp_line (start -0.14058 -0.51) (end 0.14058 -0.51) (layer F.SilkS) (width 0.12))
    (fp_line (start 0.8 0.4) (end -0.8 0.4) (layer F.Fab) (width 0.1))
    (fp_line (start 0.8 -0.4) (end 0.8 0.4) (layer F.Fab) (width 0.1))
    (fp_line (start -0.8 -0.4) (end 0.8 -0.4) (layer F.Fab) (width 0.1))
    (fp_line (start -0.8 0.4) (end -0.8 -0.4) (layer F.Fab) (width 0.1))
    (fp_text user %R (at 0 0 90) (layer F.Fab)
      (effects (font (size 0.4 0.4) (thickness 0.06)))
    )
    (pad 1 smd roundrect (at -0.775 0 270) (size 0.9 0.95) (layers F.Cu F.Paste F.Mask) (roundrect_rratio 0.25)
      (net 3 "Net-(C2-Pad1)"))
    (pad 2 smd roundrect (at 0.775 0 270) (size 0.9 0.95) (layers F.Cu F.Paste F.Mask) (roundrect_rratio 0.25)
      (net 4 "Net-(C2-Pad2)"))
    (model ${KISYS3DMOD}/Capacitor_SMD.3dshapes/C_0603_1608Metric.wrl
      (at (xyz 0 0 0))
      (scale (xyz 1 1 1))
      (rotate (xyz 0 0 0))
    )
  )

  (module Capacitor_SMD:C_0603_1608Metric (layer F.Cu) (tedit 5F68FEEE) (tstamp 5FA49F67)
    (at 136.25 99.775 270)
    (descr "Capacitor SMD 0603 (1608 Metric), square (rectangular) end terminal, IPC_7351 nominal, (Body size source: IPC-SM-782 page 76, https://www.pcb-3d.com/wordpress/wp-content/uploads/ipc-sm-782a_amendment_1_and_2.pdf), generated with kicad-footprint-generator")
    (tags capacitor)
    (path /5FA61916)
    (attr smd)
    (fp_text reference C3 (at 0 -1.43 90) (layer F.SilkS)
      (effects (font (size 1 1) (thickness 0.15)))
    )
    (fp_text value C_Small (at 0 1.43 90) (layer F.Fab)
      (effects (font (size 1 1) (thickness 0.15)))
    )
    (fp_line (start -0.8 0.4) (end -0.8 -0.4) (layer F.Fab) (width 0.1))
    (fp_line (start -0.8 -0.4) (end 0.8 -0.4) (layer F.Fab) (width 0.1))
    (fp_line (start 0.8 -0.4) (end 0.8 0.4) (layer F.Fab) (width 0.1))
    (fp_line (start 0.8 0.4) (end -0.8 0.4) (layer F.Fab) (width 0.1))
    (fp_line (start -0.14058 -0.51) (end 0.14058 -0.51) (layer F.SilkS) (width 0.12))
    (fp_line (start -0.14058 0.51) (end 0.14058 0.51) (layer F.SilkS) (width 0.12))
    (fp_line (start -1.48 0.73) (end -1.48 -0.73) (layer F.CrtYd) (width 0.05))
    (fp_line (start -1.48 -0.73) (end 1.48 -0.73) (layer F.CrtYd) (width 0.05))
    (fp_line (start 1.48 -0.73) (end 1.48 0.73) (layer F.CrtYd) (width 0.05))
    (fp_line (start 1.48 0.73) (end -1.48 0.73) (layer F.CrtYd) (width 0.05))
    (fp_text user %R (at 0 0 90) (layer F.Fab)
      (effects (font (size 0.4 0.4) (thickness 0.06)))
    )
    (pad 2 smd roundrect (at 0.775 0 270) (size 0.9 0.95) (layers F.Cu F.Paste F.Mask) (roundrect_rratio 0.25)
      (net 5 "Net-(C3-Pad2)"))
    (pad 1 smd roundrect (at -0.775 0 270) (size 0.9 0.95) (layers F.Cu F.Paste F.Mask) (roundrect_rratio 0.25)
      (net 6 "Net-(C3-Pad1)"))
    (model ${KISYS3DMOD}/Capacitor_SMD.3dshapes/C_0603_1608Metric.wrl
      (at (xyz 0 0 0))
      (scale (xyz 1 1 1))
      (rotate (xyz 0 0 0))
    )
  )

  (module Capacitor_SMD:C_0603_1608Metric (layer F.Cu) (tedit 5F68FEEE) (tstamp 5FA49F78)
    (at 151.75 99.775 270)
    (descr "Capacitor SMD 0603 (1608 Metric), square (rectangular) end terminal, IPC_7351 nominal, (Body size source: IPC-SM-782 page 76, https://www.pcb-3d.com/wordpress/wp-content/uploads/ipc-sm-782a_amendment_1_and_2.pdf), generated with kicad-footprint-generator")
    (tags capacitor)
    (path /5FA58AE8)
    (attr smd)
    (fp_text reference C4 (at 0 -1.43 90) (layer F.SilkS)
      (effects (font (size 1 1) (thickness 0.15)))
    )
    (fp_text value C_Small (at 0 1.43 90) (layer F.Fab)
      (effects (font (size 1 1) (thickness 0.15)))
    )
    (fp_line (start 1.48 0.73) (end -1.48 0.73) (layer F.CrtYd) (width 0.05))
    (fp_line (start 1.48 -0.73) (end 1.48 0.73) (layer F.CrtYd) (width 0.05))
    (fp_line (start -1.48 -0.73) (end 1.48 -0.73) (layer F.CrtYd) (width 0.05))
    (fp_line (start -1.48 0.73) (end -1.48 -0.73) (layer F.CrtYd) (width 0.05))
    (fp_line (start -0.14058 0.51) (end 0.14058 0.51) (layer F.SilkS) (width 0.12))
    (fp_line (start -0.14058 -0.51) (end 0.14058 -0.51) (layer F.SilkS) (width 0.12))
    (fp_line (start 0.8 0.4) (end -0.8 0.4) (layer F.Fab) (width 0.1))
    (fp_line (start 0.8 -0.4) (end 0.8 0.4) (layer F.Fab) (width 0.1))
    (fp_line (start -0.8 -0.4) (end 0.8 -0.4) (layer F.Fab) (width 0.1))
    (fp_line (start -0.8 0.4) (end -0.8 -0.4) (layer F.Fab) (width 0.1))
    (fp_text user %R (at 0 0 90) (layer F.Fab)
      (effects (font (size 0.4 0.4) (thickness 0.06)))
    )
    (pad 1 smd roundrect (at -0.775 0 270) (size 0.9 0.95) (layers F.Cu F.Paste F.Mask) (roundrect_rratio 0.25)
      (net 7 "Net-(C4-Pad1)"))
    (pad 2 smd roundrect (at 0.775 0 270) (size 0.9 0.95) (layers F.Cu F.Paste F.Mask) (roundrect_rratio 0.25)
      (net 1 GND))
    (model ${KISYS3DMOD}/Capacitor_SMD.3dshapes/C_0603_1608Metric.wrl
      (at (xyz 0 0 0))
      (scale (xyz 1 1 1))
      (rotate (xyz 0 0 0))
    )
  )

  (module Capacitor_SMD:C_0603_1608Metric (layer F.Cu) (tedit 5F68FEEE) (tstamp 5FA49F89)
    (at 141.75 99.775 270)
    (descr "Capacitor SMD 0603 (1608 Metric), square (rectangular) end terminal, IPC_7351 nominal, (Body size source: IPC-SM-782 page 76, https://www.pcb-3d.com/wordpress/wp-content/uploads/ipc-sm-782a_amendment_1_and_2.pdf), generated with kicad-footprint-generator")
    (tags capacitor)
    (path /5FA66D51)
    (attr smd)
    (fp_text reference C5 (at 0 -1.43 90) (layer F.SilkS)
      (effects (font (size 1 1) (thickness 0.15)))
    )
    (fp_text value C_Small (at 0 1.43 90) (layer F.Fab)
      (effects (font (size 1 1) (thickness 0.15)))
    )
    (fp_line (start -0.8 0.4) (end -0.8 -0.4) (layer F.Fab) (width 0.1))
    (fp_line (start -0.8 -0.4) (end 0.8 -0.4) (layer F.Fab) (width 0.1))
    (fp_line (start 0.8 -0.4) (end 0.8 0.4) (layer F.Fab) (width 0.1))
    (fp_line (start 0.8 0.4) (end -0.8 0.4) (layer F.Fab) (width 0.1))
    (fp_line (start -0.14058 -0.51) (end 0.14058 -0.51) (layer F.SilkS) (width 0.12))
    (fp_line (start -0.14058 0.51) (end 0.14058 0.51) (layer F.SilkS) (width 0.12))
    (fp_line (start -1.48 0.73) (end -1.48 -0.73) (layer F.CrtYd) (width 0.05))
    (fp_line (start -1.48 -0.73) (end 1.48 -0.73) (layer F.CrtYd) (width 0.05))
    (fp_line (start 1.48 -0.73) (end 1.48 0.73) (layer F.CrtYd) (width 0.05))
    (fp_line (start 1.48 0.73) (end -1.48 0.73) (layer F.CrtYd) (width 0.05))
    (fp_text user %R (at 0 0 90) (layer F.Fab)
      (effects (font (size 0.4 0.4) (thickness 0.06)))
    )
    (pad 2 smd roundrect (at 0.775 0 270) (size 0.9 0.95) (layers F.Cu F.Paste F.Mask) (roundrect_rratio 0.25)
      (net 1 GND))
    (pad 1 smd roundrect (at -0.775 0 270) (size 0.9 0.95) (layers F.Cu F.Paste F.Mask) (roundrect_rratio 0.25)
      (net 8 VDD))
    (model ${KISYS3DMOD}/Capacitor_SMD.3dshapes/C_0603_1608Metric.wrl
      (at (xyz 0 0 0))
      (scale (xyz 1 1 1))
      (rotate (xyz 0 0 0))
    )
  )

  (module Capacitor_SMD:C_0603_1608Metric (layer F.Cu) (tedit 5F68FEEE) (tstamp 5FA49F9A)
    (at 139 99.75 270)
    (descr "Capacitor SMD 0603 (1608 Metric), square (rectangular) end terminal, IPC_7351 nominal, (Body size source: IPC-SM-782 page 76, https://www.pcb-3d.com/wordpress/wp-content/uploads/ipc-sm-782a_amendment_1_and_2.pdf), generated with kicad-footprint-generator")
    (tags capacitor)
    (path /5FA666A9)
    (attr smd)
    (fp_text reference C6 (at 0 -1.43 90) (layer F.SilkS)
      (effects (font (size 1 1) (thickness 0.15)))
    )
    (fp_text value C_Small (at 0 1.43 90) (layer F.Fab)
      (effects (font (size 1 1) (thickness 0.15)))
    )
    (fp_line (start 1.48 0.73) (end -1.48 0.73) (layer F.CrtYd) (width 0.05))
    (fp_line (start 1.48 -0.73) (end 1.48 0.73) (layer F.CrtYd) (width 0.05))
    (fp_line (start -1.48 -0.73) (end 1.48 -0.73) (layer F.CrtYd) (width 0.05))
    (fp_line (start -1.48 0.73) (end -1.48 -0.73) (layer F.CrtYd) (width 0.05))
    (fp_line (start -0.14058 0.51) (end 0.14058 0.51) (layer F.SilkS) (width 0.12))
    (fp_line (start -0.14058 -0.51) (end 0.14058 -0.51) (layer F.SilkS) (width 0.12))
    (fp_line (start 0.8 0.4) (end -0.8 0.4) (layer F.Fab) (width 0.1))
    (fp_line (start 0.8 -0.4) (end 0.8 0.4) (layer F.Fab) (width 0.1))
    (fp_line (start -0.8 -0.4) (end 0.8 -0.4) (layer F.Fab) (width 0.1))
    (fp_line (start -0.8 0.4) (end -0.8 -0.4) (layer F.Fab) (width 0.1))
    (fp_text user %R (at 0 0 90) (layer F.Fab)
      (effects (font (size 0.4 0.4) (thickness 0.06)))
    )
    (pad 1 smd roundrect (at -0.775 0 270) (size 0.9 0.95) (layers F.Cu F.Paste F.Mask) (roundrect_rratio 0.25)
      (net 8 VDD))
    (pad 2 smd roundrect (at 0.775 0 270) (size 0.9 0.95) (layers F.Cu F.Paste F.Mask) (roundrect_rratio 0.25)
      (net 1 GND))
    (model ${KISYS3DMOD}/Capacitor_SMD.3dshapes/C_0603_1608Metric.wrl
      (at (xyz 0 0 0))
      (scale (xyz 1 1 1))
      (rotate (xyz 0 0 0))
    )
  )

  (module Package_TO_SOT_SMD:SuperSOT-3 (layer F.Cu) (tedit 5A02FF57) (tstamp 5FA49FAE)
    (at 131.05 103.9 90)
    (descr "3-pin SuperSOT package https://www.fairchildsemi.com/package-drawings/MA/MA03B.pdf")
    (tags "SuperSOT-3 SSOT-3")
    (path /5FA44208)
    (attr smd)
    (fp_text reference Q1 (at 0 -2.35 90) (layer F.SilkS)
      (effects (font (size 1 1) (thickness 0.15)))
    )
    (fp_text value FDN338P (at 0 2.4 90) (layer F.Fab)
      (effects (font (size 1 1) (thickness 0.15)))
    )
    (fp_line (start 0.85 0.65) (end 0.85 1.45) (layer F.SilkS) (width 0.12))
    (fp_line (start -1.75 -1.6) (end 0.85 -1.6) (layer F.SilkS) (width 0.12))
    (fp_line (start 0.85 -1.6) (end 0.85 -0.65) (layer F.SilkS) (width 0.12))
    (fp_line (start 0.7 -1.45) (end 0.7 1.45) (layer F.Fab) (width 0.12))
    (fp_line (start 0.7 1.45) (end -0.7 1.45) (layer F.Fab) (width 0.12))
    (fp_line (start -0.7 1.45) (end -0.7 -0.9) (layer F.Fab) (width 0.12))
    (fp_line (start -0.7 -0.9) (end -0.15 -1.45) (layer F.Fab) (width 0.12))
    (fp_line (start -0.15 -1.45) (end 0.7 -1.45) (layer F.Fab) (width 0.12))
    (fp_line (start -2.05 -1.7) (end 2.05 -1.7) (layer F.CrtYd) (width 0.05))
    (fp_line (start -2.05 -1.7) (end -2.05 1.7) (layer F.CrtYd) (width 0.05))
    (fp_line (start 2.05 1.7) (end 2.05 -1.7) (layer F.CrtYd) (width 0.05))
    (fp_line (start 2.05 1.7) (end -2.05 1.7) (layer F.CrtYd) (width 0.05))
    (fp_text user %R (at 0 0) (layer F.Fab)
      (effects (font (size 0.5 0.5) (thickness 0.075)))
    )
    (pad 3 smd rect (at 1.1 0 90) (size 1.4 1) (layers F.Cu F.Paste F.Mask)
      (net 9 VIN))
    (pad 2 smd rect (at -1.1 0.95 90) (size 1.4 1) (layers F.Cu F.Paste F.Mask)
      (net 10 "Net-(Q1-Pad2)"))
    (pad 1 smd rect (at -1.1 -0.95 90) (size 1.4 1) (layers F.Cu F.Paste F.Mask)
      (net 11 "Net-(Q1-Pad1)"))
    (model ${KISYS3DMOD}/Package_TO_SOT_SMD.3dshapes/SuperSOT-3.wrl
      (at (xyz 0 0 0))
      (scale (xyz 1 1 1))
      (rotate (xyz 0 0 0))
    )
  )

  (module Package_TO_SOT_SMD:SuperSOT-3 (layer F.Cu) (tedit 5A02FF57) (tstamp 5FA49FC2)
    (at 136.5 104 90)
    (descr "3-pin SuperSOT package https://www.fairchildsemi.com/package-drawings/MA/MA03B.pdf")
    (tags "SuperSOT-3 SSOT-3")
    (path /5FA43958)
    (attr smd)
    (fp_text reference Q2 (at 0 -2.35 90) (layer F.SilkS)
      (effects (font (size 1 1) (thickness 0.15)))
    )
    (fp_text value FDN335N (at 0 2.4 90) (layer F.Fab)
      (effects (font (size 1 1) (thickness 0.15)))
    )
    (fp_line (start 2.05 1.7) (end -2.05 1.7) (layer F.CrtYd) (width 0.05))
    (fp_line (start 2.05 1.7) (end 2.05 -1.7) (layer F.CrtYd) (width 0.05))
    (fp_line (start -2.05 -1.7) (end -2.05 1.7) (layer F.CrtYd) (width 0.05))
    (fp_line (start -2.05 -1.7) (end 2.05 -1.7) (layer F.CrtYd) (width 0.05))
    (fp_line (start -0.15 -1.45) (end 0.7 -1.45) (layer F.Fab) (width 0.12))
    (fp_line (start -0.7 -0.9) (end -0.15 -1.45) (layer F.Fab) (width 0.12))
    (fp_line (start -0.7 1.45) (end -0.7 -0.9) (layer F.Fab) (width 0.12))
    (fp_line (start 0.7 1.45) (end -0.7 1.45) (layer F.Fab) (width 0.12))
    (fp_line (start 0.7 -1.45) (end 0.7 1.45) (layer F.Fab) (width 0.12))
    (fp_line (start 0.85 -1.6) (end 0.85 -0.65) (layer F.SilkS) (width 0.12))
    (fp_line (start -1.75 -1.6) (end 0.85 -1.6) (layer F.SilkS) (width 0.12))
    (fp_line (start 0.85 0.65) (end 0.85 1.45) (layer F.SilkS) (width 0.12))
    (fp_text user %R (at 0 0) (layer F.Fab)
      (effects (font (size 0.5 0.5) (thickness 0.075)))
    )
    (pad 1 smd rect (at -1.1 -0.95 90) (size 1.4 1) (layers F.Cu F.Paste F.Mask)
      (net 12 GPIO))
    (pad 2 smd rect (at -1.1 0.95 90) (size 1.4 1) (layers F.Cu F.Paste F.Mask)
      (net 1 GND))
    (pad 3 smd rect (at 1.1 0 90) (size 1.4 1) (layers F.Cu F.Paste F.Mask)
      (net 11 "Net-(Q1-Pad1)"))
    (model ${KISYS3DMOD}/Package_TO_SOT_SMD.3dshapes/SuperSOT-3.wrl
      (at (xyz 0 0 0))
      (scale (xyz 1 1 1))
      (rotate (xyz 0 0 0))
    )
  )

  (module Resistor_SMD:R_0603_1608Metric (layer F.Cu) (tedit 5F68FEEE) (tstamp 5FA49FD3)
    (at 149.5 99.825 270)
    (descr "Resistor SMD 0603 (1608 Metric), square (rectangular) end terminal, IPC_7351 nominal, (Body size source: IPC-SM-782 page 72, https://www.pcb-3d.com/wordpress/wp-content/uploads/ipc-sm-782a_amendment_1_and_2.pdf), generated with kicad-footprint-generator")
    (tags resistor)
    (path /5FA565CA)
    (attr smd)
    (fp_text reference R1 (at 0 -1.43 90) (layer F.SilkS)
      (effects (font (size 1 1) (thickness 0.15)))
    )
    (fp_text value R_Small (at 0 1.43 90) (layer F.Fab)
      (effects (font (size 1 1) (thickness 0.15)))
    )
    (fp_line (start 1.48 0.73) (end -1.48 0.73) (layer F.CrtYd) (width 0.05))
    (fp_line (start 1.48 -0.73) (end 1.48 0.73) (layer F.CrtYd) (width 0.05))
    (fp_line (start -1.48 -0.73) (end 1.48 -0.73) (layer F.CrtYd) (width 0.05))
    (fp_line (start -1.48 0.73) (end -1.48 -0.73) (layer F.CrtYd) (width 0.05))
    (fp_line (start -0.237258 0.5225) (end 0.237258 0.5225) (layer F.SilkS) (width 0.12))
    (fp_line (start -0.237258 -0.5225) (end 0.237258 -0.5225) (layer F.SilkS) (width 0.12))
    (fp_line (start 0.8 0.4125) (end -0.8 0.4125) (layer F.Fab) (width 0.1))
    (fp_line (start 0.8 -0.4125) (end 0.8 0.4125) (layer F.Fab) (width 0.1))
    (fp_line (start -0.8 -0.4125) (end 0.8 -0.4125) (layer F.Fab) (width 0.1))
    (fp_line (start -0.8 0.4125) (end -0.8 -0.4125) (layer F.Fab) (width 0.1))
    (fp_text user %R (at 0 0 90) (layer F.Fab)
      (effects (font (size 0.4 0.4) (thickness 0.06)))
    )
    (pad 1 smd roundrect (at -0.825 0 270) (size 0.8 0.95) (layers F.Cu F.Paste F.Mask) (roundrect_rratio 0.25)
      (net 13 "Net-(R1-Pad1)"))
    (pad 2 smd roundrect (at 0.825 0 270) (size 0.8 0.95) (layers F.Cu F.Paste F.Mask) (roundrect_rratio 0.25)
      (net 1 GND))
    (model ${KISYS3DMOD}/Resistor_SMD.3dshapes/R_0603_1608Metric.wrl
      (at (xyz 0 0 0))
      (scale (xyz 1 1 1))
      (rotate (xyz 0 0 0))
    )
  )

  (module Resistor_SMD:R_0603_1608Metric (layer F.Cu) (tedit 5F68FEEE) (tstamp 5FA49FE4)
    (at 144.5 99.825 90)
    (descr "Resistor SMD 0603 (1608 Metric), square (rectangular) end terminal, IPC_7351 nominal, (Body size source: IPC-SM-782 page 72, https://www.pcb-3d.com/wordpress/wp-content/uploads/ipc-sm-782a_amendment_1_and_2.pdf), generated with kicad-footprint-generator")
    (tags resistor)
    (path /5FABAA42)
    (attr smd)
    (fp_text reference R2 (at 0 -1.43 90) (layer F.SilkS)
      (effects (font (size 1 1) (thickness 0.15)))
    )
    (fp_text value R_Small (at 0 1.43 90) (layer F.Fab)
      (effects (font (size 1 1) (thickness 0.15)))
    )
    (fp_line (start -0.8 0.4125) (end -0.8 -0.4125) (layer F.Fab) (width 0.1))
    (fp_line (start -0.8 -0.4125) (end 0.8 -0.4125) (layer F.Fab) (width 0.1))
    (fp_line (start 0.8 -0.4125) (end 0.8 0.4125) (layer F.Fab) (width 0.1))
    (fp_line (start 0.8 0.4125) (end -0.8 0.4125) (layer F.Fab) (width 0.1))
    (fp_line (start -0.237258 -0.5225) (end 0.237258 -0.5225) (layer F.SilkS) (width 0.12))
    (fp_line (start -0.237258 0.5225) (end 0.237258 0.5225) (layer F.SilkS) (width 0.12))
    (fp_line (start -1.48 0.73) (end -1.48 -0.73) (layer F.CrtYd) (width 0.05))
    (fp_line (start -1.48 -0.73) (end 1.48 -0.73) (layer F.CrtYd) (width 0.05))
    (fp_line (start 1.48 -0.73) (end 1.48 0.73) (layer F.CrtYd) (width 0.05))
    (fp_line (start 1.48 0.73) (end -1.48 0.73) (layer F.CrtYd) (width 0.05))
    (fp_text user %R (at 0 0 90) (layer F.Fab)
      (effects (font (size 0.4 0.4) (thickness 0.06)))
    )
    (pad 2 smd roundrect (at 0.825 0 90) (size 0.8 0.95) (layers F.Cu F.Paste F.Mask) (roundrect_rratio 0.25)
      (net 8 VDD))
    (pad 1 smd roundrect (at -0.825 0 90) (size 0.8 0.95) (layers F.Cu F.Paste F.Mask) (roundrect_rratio 0.25)
      (net 14 SCLK))
    (model ${KISYS3DMOD}/Resistor_SMD.3dshapes/R_0603_1608Metric.wrl
      (at (xyz 0 0 0))
      (scale (xyz 1 1 1))
      (rotate (xyz 0 0 0))
    )
  )

  (module Resistor_SMD:R_0603_1608Metric (layer F.Cu) (tedit 5F68FEEE) (tstamp 5FA49FF5)
    (at 147 99.825 90)
    (descr "Resistor SMD 0603 (1608 Metric), square (rectangular) end terminal, IPC_7351 nominal, (Body size source: IPC-SM-782 page 72, https://www.pcb-3d.com/wordpress/wp-content/uploads/ipc-sm-782a_amendment_1_and_2.pdf), generated with kicad-footprint-generator")
    (tags resistor)
    (path /5FABAEB0)
    (attr smd)
    (fp_text reference R3 (at 0 -1.43 90) (layer F.SilkS)
      (effects (font (size 1 1) (thickness 0.15)))
    )
    (fp_text value R_Small (at 0 1.43 90) (layer F.Fab)
      (effects (font (size 1 1) (thickness 0.15)))
    )
    (fp_line (start 1.48 0.73) (end -1.48 0.73) (layer F.CrtYd) (width 0.05))
    (fp_line (start 1.48 -0.73) (end 1.48 0.73) (layer F.CrtYd) (width 0.05))
    (fp_line (start -1.48 -0.73) (end 1.48 -0.73) (layer F.CrtYd) (width 0.05))
    (fp_line (start -1.48 0.73) (end -1.48 -0.73) (layer F.CrtYd) (width 0.05))
    (fp_line (start -0.237258 0.5225) (end 0.237258 0.5225) (layer F.SilkS) (width 0.12))
    (fp_line (start -0.237258 -0.5225) (end 0.237258 -0.5225) (layer F.SilkS) (width 0.12))
    (fp_line (start 0.8 0.4125) (end -0.8 0.4125) (layer F.Fab) (width 0.1))
    (fp_line (start 0.8 -0.4125) (end 0.8 0.4125) (layer F.Fab) (width 0.1))
    (fp_line (start -0.8 -0.4125) (end 0.8 -0.4125) (layer F.Fab) (width 0.1))
    (fp_line (start -0.8 0.4125) (end -0.8 -0.4125) (layer F.Fab) (width 0.1))
    (fp_text user %R (at 0 0 90) (layer F.Fab)
      (effects (font (size 0.4 0.4) (thickness 0.06)))
    )
    (pad 1 smd roundrect (at -0.825 0 90) (size 0.8 0.95) (layers F.Cu F.Paste F.Mask) (roundrect_rratio 0.25)
      (net 15 SDIN))
    (pad 2 smd roundrect (at 0.825 0 90) (size 0.8 0.95) (layers F.Cu F.Paste F.Mask) (roundrect_rratio 0.25)
      (net 8 VDD))
    (model ${KISYS3DMOD}/Resistor_SMD.3dshapes/R_0603_1608Metric.wrl
      (at (xyz 0 0 0))
      (scale (xyz 1 1 1))
      (rotate (xyz 0 0 0))
    )
  )

  (module Resistor_SMD:R_0603_1608Metric (layer F.Cu) (tedit 5F68FEEE) (tstamp 5FA4A006)
    (at 136.325 108 180)
    (descr "Resistor SMD 0603 (1608 Metric), square (rectangular) end terminal, IPC_7351 nominal, (Body size source: IPC-SM-782 page 72, https://www.pcb-3d.com/wordpress/wp-content/uploads/ipc-sm-782a_amendment_1_and_2.pdf), generated with kicad-footprint-generator")
    (tags resistor)
    (path /5FA4F678)
    (attr smd)
    (fp_text reference R4 (at 0 -1.43) (layer F.SilkS)
      (effects (font (size 1 1) (thickness 0.15)))
    )
    (fp_text value R_Small (at 0 1.43) (layer F.Fab)
      (effects (font (size 1 1) (thickness 0.15)))
    )
    (fp_line (start -0.8 0.4125) (end -0.8 -0.4125) (layer F.Fab) (width 0.1))
    (fp_line (start -0.8 -0.4125) (end 0.8 -0.4125) (layer F.Fab) (width 0.1))
    (fp_line (start 0.8 -0.4125) (end 0.8 0.4125) (layer F.Fab) (width 0.1))
    (fp_line (start 0.8 0.4125) (end -0.8 0.4125) (layer F.Fab) (width 0.1))
    (fp_line (start -0.237258 -0.5225) (end 0.237258 -0.5225) (layer F.SilkS) (width 0.12))
    (fp_line (start -0.237258 0.5225) (end 0.237258 0.5225) (layer F.SilkS) (width 0.12))
    (fp_line (start -1.48 0.73) (end -1.48 -0.73) (layer F.CrtYd) (width 0.05))
    (fp_line (start -1.48 -0.73) (end 1.48 -0.73) (layer F.CrtYd) (width 0.05))
    (fp_line (start 1.48 -0.73) (end 1.48 0.73) (layer F.CrtYd) (width 0.05))
    (fp_line (start 1.48 0.73) (end -1.48 0.73) (layer F.CrtYd) (width 0.05))
    (fp_text user %R (at 0 0) (layer F.Fab)
      (effects (font (size 0.4 0.4) (thickness 0.06)))
    )
    (pad 2 smd roundrect (at 0.825 0 180) (size 0.8 0.95) (layers F.Cu F.Paste F.Mask) (roundrect_rratio 0.25)
      (net 12 GPIO))
    (pad 1 smd roundrect (at -0.825 0 180) (size 0.8 0.95) (layers F.Cu F.Paste F.Mask) (roundrect_rratio 0.25)
      (net 1 GND))
    (model ${KISYS3DMOD}/Resistor_SMD.3dshapes/R_0603_1608Metric.wrl
      (at (xyz 0 0 0))
      (scale (xyz 1 1 1))
      (rotate (xyz 0 0 0))
    )
  )

  (module Resistor_SMD:R_0603_1608Metric (layer F.Cu) (tedit 5F68FEEE) (tstamp 5FA4A017)
    (at 130.925 108)
    (descr "Resistor SMD 0603 (1608 Metric), square (rectangular) end terminal, IPC_7351 nominal, (Body size source: IPC-SM-782 page 72, https://www.pcb-3d.com/wordpress/wp-content/uploads/ipc-sm-782a_amendment_1_and_2.pdf), generated with kicad-footprint-generator")
    (tags resistor)
    (path /5FA4BFB5)
    (attr smd)
    (fp_text reference R5 (at 0 -1.43) (layer F.SilkS)
      (effects (font (size 1 1) (thickness 0.15)))
    )
    (fp_text value R_Small (at 0 1.43) (layer F.Fab)
      (effects (font (size 1 1) (thickness 0.15)))
    )
    (fp_line (start 1.48 0.73) (end -1.48 0.73) (layer F.CrtYd) (width 0.05))
    (fp_line (start 1.48 -0.73) (end 1.48 0.73) (layer F.CrtYd) (width 0.05))
    (fp_line (start -1.48 -0.73) (end 1.48 -0.73) (layer F.CrtYd) (width 0.05))
    (fp_line (start -1.48 0.73) (end -1.48 -0.73) (layer F.CrtYd) (width 0.05))
    (fp_line (start -0.237258 0.5225) (end 0.237258 0.5225) (layer F.SilkS) (width 0.12))
    (fp_line (start -0.237258 -0.5225) (end 0.237258 -0.5225) (layer F.SilkS) (width 0.12))
    (fp_line (start 0.8 0.4125) (end -0.8 0.4125) (layer F.Fab) (width 0.1))
    (fp_line (start 0.8 -0.4125) (end 0.8 0.4125) (layer F.Fab) (width 0.1))
    (fp_line (start -0.8 -0.4125) (end 0.8 -0.4125) (layer F.Fab) (width 0.1))
    (fp_line (start -0.8 0.4125) (end -0.8 -0.4125) (layer F.Fab) (width 0.1))
    (fp_text user %R (at 0 0) (layer F.Fab)
      (effects (font (size 0.4 0.4) (thickness 0.06)))
    )
    (pad 1 smd roundrect (at -0.825 0) (size 0.8 0.95) (layers F.Cu F.Paste F.Mask) (roundrect_rratio 0.25)
      (net 11 "Net-(Q1-Pad1)"))
    (pad 2 smd roundrect (at 0.825 0) (size 0.8 0.95) (layers F.Cu F.Paste F.Mask) (roundrect_rratio 0.25)
      (net 9 VIN))
    (model ${KISYS3DMOD}/Resistor_SMD.3dshapes/R_0603_1608Metric.wrl
      (at (xyz 0 0 0))
      (scale (xyz 1 1 1))
      (rotate (xyz 0 0 0))
    )
  )

  (module OLED_Breakout:SH1106 (layer F.Cu) (tedit 5FA442D8) (tstamp 5FA4A057)
    (at 143.5 95.5)
    (path /5FAC66FD)
    (attr smd)
    (fp_text reference U1 (at 0 2.2) (layer F.SilkS)
      (effects (font (size 1 1) (thickness 0.15)))
    )
    (fp_text value SH1106 (at 0 3.35) (layer F.Fab)
      (effects (font (size 1 1) (thickness 0.15)))
    )
    (fp_line (start 17.228 -33.02) (end 17.228 -10.02) (layer Dwgs.User) (width 0.2))
    (fp_line (start -11.022 1.98) (end 10.978 1.98) (layer Dwgs.User) (width 0.2))
    (fp_line (start -6.022 -10.52) (end -6.028542 -4.83165) (layer Dwgs.User) (width 0.2))
    (fp_line (start 17.228 -10.02) (end -17.272 -10.02) (layer Dwgs.User) (width 0.2))
    (fp_line (start -17.272 -10.02) (end -17.272 -33.02) (layer Dwgs.User) (width 0.2))
    (fp_line (start 5.978 -10.52) (end -6.022 -10.52) (layer Dwgs.User) (width 0.2))
    (fp_line (start 10.978 -2.061212) (end 5.978 -4.82) (layer Dwgs.User) (width 0.2))
    (fp_line (start -11.022 -2.02) (end -11.022 1.98) (layer Dwgs.User) (width 0.2))
    (fp_line (start -6.028542 -4.83165) (end -11.022 -2.02) (layer Dwgs.User) (width 0.2))
    (fp_line (start 10.978 1.98) (end 10.978 -2.061212) (layer Dwgs.User) (width 0.2))
    (fp_line (start 5.978 -4.82) (end 5.978 -10.52) (layer Dwgs.User) (width 0.2))
    (fp_line (start -17.272 -33.02) (end 17.228 -33.02) (layer Dwgs.User) (width 0.2))
    (fp_line (start -10.75 -1.45) (end -10.75 1.45) (layer F.CrtYd) (width 0.05))
    (fp_line (start -10.75 1.45) (end 10.75 1.45) (layer F.CrtYd) (width 0.05))
    (fp_line (start 10.75 -1.45) (end 10.75 1.45) (layer F.CrtYd) (width 0.05))
    (fp_line (start -10.75 -1.45) (end 10.75 -1.45) (layer F.CrtYd) (width 0.05))
    (fp_line (start 10.5 -0.24) (end 10.5 -1.23) (layer F.SilkS) (width 0.12))
    (fp_line (start -10.5 -0.24) (end -10.5 -1.23) (layer F.SilkS) (width 0.12))
    (fp_line (start 10.51 -0.24) (end 10.5 -0.24) (layer F.SilkS) (width 0.12))
    (fp_line (start -10.51 -0.24) (end -10.5 -0.24) (layer F.SilkS) (width 0.12))
    (fp_line (start 10.51 0.12) (end 10.51 -0.24) (layer F.SilkS) (width 0.12))
    (fp_line (start -10.51 0.12) (end -10.51 -0.24) (layer F.SilkS) (width 0.12))
    (fp_line (start 10.5 0.12) (end 10.51 0.12) (layer F.SilkS) (width 0.12))
    (fp_line (start -10.5 0.12) (end -10.51 0.12) (layer F.SilkS) (width 0.12))
    (fp_line (start 10.5 1.23) (end 10.5 0.12) (layer F.SilkS) (width 0.12))
    (fp_line (start -10.5 1.23) (end -10.5 0.12) (layer F.SilkS) (width 0.12))
    (fp_line (start -10.5 1.23) (end 10.5 1.23) (layer F.SilkS) (width 0.12))
    (fp_line (start -10.5 -1.23) (end 10.5 -1.23) (layer F.SilkS) (width 0.12))
    (pad 1 smd rect (at -10.15 0) (size 0.4 2.1) (layers F.Cu F.Paste F.Mask)
      (net 1 GND))
    (pad 2 smd rect (at -9.45 0) (size 0.4 2.1) (layers F.Cu F.Paste F.Mask)
      (net 3 "Net-(C2-Pad1)"))
    (pad 3 smd rect (at -8.75 0) (size 0.4 2.1) (layers F.Cu F.Paste F.Mask)
      (net 4 "Net-(C2-Pad2)"))
    (pad 4 smd rect (at -8.05 0) (size 0.4 2.1) (layers F.Cu F.Paste F.Mask)
      (net 6 "Net-(C3-Pad1)"))
    (pad 5 smd rect (at -7.35 0) (size 0.4 2.1) (layers F.Cu F.Paste F.Mask)
      (net 5 "Net-(C3-Pad2)"))
    (pad 6 smd rect (at -6.65 0) (size 0.4 2.1) (layers F.Cu F.Paste F.Mask)
      (net 10 "Net-(Q1-Pad2)"))
    (pad 7 smd rect (at -5.95 0) (size 0.4 2.1) (layers F.Cu F.Paste F.Mask)
      (net 16 "Net-(U1-Pad7)"))
    (pad 8 smd rect (at -5.25 0) (size 0.4 2.1) (layers F.Cu F.Paste F.Mask)
      (net 1 GND))
    (pad 9 smd rect (at -4.55 0) (size 0.4 2.1) (layers F.Cu F.Paste F.Mask)
      (net 8 VDD))
    (pad 10 smd rect (at -3.85 0) (size 0.4 2.1) (layers F.Cu F.Paste F.Mask)
      (net 1 GND))
    (pad 11 smd rect (at -3.15 0) (size 0.4 2.1) (layers F.Cu F.Paste F.Mask)
      (net 1 GND))
    (pad 12 smd rect (at -2.45 0) (size 0.4 2.1) (layers F.Cu F.Paste F.Mask)
      (net 1 GND))
    (pad 13 smd rect (at -1.75 0) (size 0.4 2.1) (layers F.Cu F.Paste F.Mask)
      (net 17 CS))
    (pad 14 smd rect (at -1.05 0) (size 0.4 2.1) (layers F.Cu F.Paste F.Mask)
      (net 18 RES))
    (pad 15 smd rect (at -0.35 0) (size 0.4 2.1) (layers F.Cu F.Paste F.Mask)
      (net 19 DC))
    (pad 16 smd rect (at 0.35 0) (size 0.4 2.1) (layers F.Cu F.Paste F.Mask)
      (net 1 GND))
    (pad 17 smd rect (at 1.05 0) (size 0.4 2.1) (layers F.Cu F.Paste F.Mask)
      (net 1 GND))
    (pad 18 smd rect (at 1.75 0) (size 0.4 2.1) (layers F.Cu F.Paste F.Mask)
      (net 14 SCLK))
    (pad 19 smd rect (at 2.45 0) (size 0.4 2.1) (layers F.Cu F.Paste F.Mask)
      (net 15 SDIN))
    (pad 20 smd rect (at 3.15 0) (size 0.4 2.1) (layers F.Cu F.Paste F.Mask)
      (net 20 "Net-(U1-Pad20)"))
    (pad 21 smd rect (at 3.85 0) (size 0.4 2.1) (layers F.Cu F.Paste F.Mask)
      (net 1 GND))
    (pad 22 smd rect (at 4.55 0) (size 0.4 2.1) (layers F.Cu F.Paste F.Mask)
      (net 1 GND))
    (pad 23 smd rect (at 5.25 0) (size 0.4 2.1) (layers F.Cu F.Paste F.Mask)
      (net 1 GND))
    (pad 24 smd rect (at 5.95 0) (size 0.4 2.1) (layers F.Cu F.Paste F.Mask)
      (net 1 GND))
    (pad 25 smd rect (at 6.65 0) (size 0.4 2.1) (layers F.Cu F.Paste F.Mask)
      (net 1 GND))
    (pad 26 smd rect (at 7.35 0) (size 0.4 2.1) (layers F.Cu F.Paste F.Mask)
      (net 13 "Net-(R1-Pad1)"))
    (pad 27 smd rect (at 8.05 0) (size 0.4 2.1) (layers F.Cu F.Paste F.Mask)
      (net 7 "Net-(C4-Pad1)"))
    (pad 28 smd rect (at 8.75 0) (size 0.4 2.1) (layers F.Cu F.Paste F.Mask)
      (net 2 "Net-(C1-Pad1)"))
    (pad 29 smd rect (at 9.45 0) (size 0.4 2.1) (layers F.Cu F.Paste F.Mask)
      (net 1 GND))
    (pad 30 smd rect (at 10.15 0) (size 0.4 2.1) (layers F.Cu F.Paste F.Mask)
      (net 1 GND))
    (pad 0 smd rect (at -10.15 0) (size 0 0) (layers F.Cu F.Paste F.Mask))
    (pad 0 smd rect (at 10.15 0) (size 0 0) (layers F.Cu F.Paste F.Mask))
  )

  (module Connector_PinSocket_1.27mm:PinSocket_1x08_P1.27mm_Vertical (layer F.Cu) (tedit 5A19A42F) (tstamp 5FB4E414)
    (at 149.75 112.25 270)
    (descr "Through hole straight socket strip, 1x08, 1.27mm pitch, single row (from Kicad 4.0.7), script generated")
    (tags "Through hole socket strip THT 1x08 1.27mm single row")
    (path /5FB50B1F)
    (fp_text reference J1 (at 0 -2.135 90) (layer F.SilkS)
      (effects (font (size 1 1) (thickness 0.15)))
    )
    (fp_text value Conn_01x08_Male (at 0 11.025 90) (layer F.Fab)
      (effects (font (size 1 1) (thickness 0.15)))
    )
    (fp_line (start -1.27 -0.635) (end 0.635 -0.635) (layer F.Fab) (width 0.1))
    (fp_line (start 0.635 -0.635) (end 1.27 0) (layer F.Fab) (width 0.1))
    (fp_line (start 1.27 0) (end 1.27 9.525) (layer F.Fab) (width 0.1))
    (fp_line (start 1.27 9.525) (end -1.27 9.525) (layer F.Fab) (width 0.1))
    (fp_line (start -1.27 9.525) (end -1.27 -0.635) (layer F.Fab) (width 0.1))
    (fp_line (start -1.33 0.635) (end -0.76 0.635) (layer F.SilkS) (width 0.12))
    (fp_line (start 0.76 0.635) (end 1.33 0.635) (layer F.SilkS) (width 0.12))
    (fp_line (start -1.33 0.635) (end -1.33 9.585) (layer F.SilkS) (width 0.12))
    (fp_line (start -1.33 9.585) (end -0.30753 9.585) (layer F.SilkS) (width 0.12))
    (fp_line (start 0.30753 9.585) (end 1.33 9.585) (layer F.SilkS) (width 0.12))
    (fp_line (start 1.33 0.635) (end 1.33 9.585) (layer F.SilkS) (width 0.12))
    (fp_line (start 1.33 -0.76) (end 1.33 0) (layer F.SilkS) (width 0.12))
    (fp_line (start 0 -0.76) (end 1.33 -0.76) (layer F.SilkS) (width 0.12))
    (fp_line (start -1.8 -1.15) (end 1.75 -1.15) (layer F.CrtYd) (width 0.05))
    (fp_line (start 1.75 -1.15) (end 1.75 10.05) (layer F.CrtYd) (width 0.05))
    (fp_line (start 1.75 10.05) (end -1.8 10.05) (layer F.CrtYd) (width 0.05))
    (fp_line (start -1.8 10.05) (end -1.8 -1.15) (layer F.CrtYd) (width 0.05))
    (fp_text user %R (at 0 4.445) (layer F.Fab)
      (effects (font (size 1 1) (thickness 0.15)))
    )
    (pad 1 thru_hole rect (at 0 0 270) (size 1 1) (drill 0.7) (layers *.Cu *.Mask)
      (net 1 GND))
    (pad 2 thru_hole oval (at 0 1.27 270) (size 1 1) (drill 0.7) (layers *.Cu *.Mask)
      (net 15 SDIN))
    (pad 3 thru_hole oval (at 0 2.54 270) (size 1 1) (drill 0.7) (layers *.Cu *.Mask)
      (net 14 SCLK))
    (pad 4 thru_hole oval (at 0 3.81 270) (size 1 1) (drill 0.7) (layers *.Cu *.Mask)
      (net 19 DC))
    (pad 5 thru_hole oval (at 0 5.08 270) (size 1 1) (drill 0.7) (layers *.Cu *.Mask)
      (net 18 RES))
    (pad 6 thru_hole oval (at 0 6.35 270) (size 1 1) (drill 0.7) (layers *.Cu *.Mask)
      (net 17 CS))
    (pad 7 thru_hole oval (at 0 7.62 270) (size 1 1) (drill 0.7) (layers *.Cu *.Mask)
      (net 12 GPIO))
    (pad 8 thru_hole oval (at 0 8.89 270) (size 1 1) (drill 0.7) (layers *.Cu *.Mask)
      (net 9 VIN))
    (model ${KISYS3DMOD}/Connector_PinSocket_1.27mm.3dshapes/PinSocket_1x08_P1.27mm_Vertical.wrl
      (at (xyz 0 0 0))
      (scale (xyz 1 1 1))
      (rotate (xyz 0 0 0))
    )
  )

  (module Capacitor_SMD:C_0603_1608Metric (layer F.Cu) (tedit 5B301BBE) (tstamp 606F318D)
    (at 172.72 100.076 270)
    (descr "Capacitor SMD 0603 (1608 Metric), square (rectangular) end terminal, IPC_7351 nominal, (Body size source: http://www.tortai-tech.com/upload/download/2011102023233369053.pdf), generated with kicad-footprint-generator")
    (tags capacitor)
    (path /6071116A)
    (attr smd)
    (fp_text reference C7 (at 0 -1.43 90) (layer F.SilkS)
      (effects (font (size 1 1) (thickness 0.15)))
    )
    (fp_text value C_Small (at 0 1.43 90) (layer F.Fab)
      (effects (font (size 1 1) (thickness 0.15)))
    )
    (fp_line (start 1.48 0.73) (end -1.48 0.73) (layer F.CrtYd) (width 0.05))
    (fp_line (start 1.48 -0.73) (end 1.48 0.73) (layer F.CrtYd) (width 0.05))
    (fp_line (start -1.48 -0.73) (end 1.48 -0.73) (layer F.CrtYd) (width 0.05))
    (fp_line (start -1.48 0.73) (end -1.48 -0.73) (layer F.CrtYd) (width 0.05))
    (fp_line (start -0.162779 0.51) (end 0.162779 0.51) (layer F.SilkS) (width 0.12))
    (fp_line (start -0.162779 -0.51) (end 0.162779 -0.51) (layer F.SilkS) (width 0.12))
    (fp_line (start 0.8 0.4) (end -0.8 0.4) (layer F.Fab) (width 0.1))
    (fp_line (start 0.8 -0.4) (end 0.8 0.4) (layer F.Fab) (width 0.1))
